176422662
176428644
176430673
176430233
176428544
176428644
176426590
176429762
176430540
176430682
176429186
176429683
176430937
176428252
176428645
176427836
176429465
176429018
176427447
176426737
176429340
176427166
176426957
176425562
176428451
176426308
176426123
176426022
176430494
176425754
176426625
176430775
176426525
176425213
176425547
176425130
176426811
176429722
176424671
176430256
176428418
176425322
176425060
176429421
176425673
176424667
176427820
176426048
176429135
176428614
176427625
176424670
176427483
176424668
176426906
176426772
176425705
176426710
176426366
176426177
176427036
176426709
176424673
176425476
176425893
176426045
176427789
176426128
176429938
176425700
176428851
176427173
176424713
176424860
176425346
176426997
